SADF: 0.711320545114845
GSADF (approx, sub-sampled): 1.0005561706977886
CrashProb_3m_mean: 0.007921467410594072
CrashProb_3m_last: 0.011864489618835973
CrashProb_6m_empirical: 0.03083542488347078
CrashProb_12m_empirical: 0.03513804230907135
