SADF: 0.7113205411545457
GSADF (sub-sampled): 1.0005584892582449
ADF_crit_95: -0.053194063298212045
CrashProb_3m_mean: 0.007921506411970262
CrashProb_3m_last: 0.011864583676315316
CrashProb_6m_empirical: 0.03083542488347078
CrashProb_12m_empirical: 0.03513804230907135
Brier_3m: 0.036903151875908875
AUC_3m: 0.28846256186472247
LPPL_tc_q10: 516.0441127104408
LPPL_tc_q50: 596.571950453802
LPPL_tc_q90: 667.1952333217066
